#  Simulation  Temperature    Fraction     Fraction
#   time [s]       [K]        Phase 0      Phase 1
#     -             -         LIQUID       SOLID
  0.00000        999.01000   0.99999998   0.00000002
 1.250000E-02    999.01000   0.99999998   0.00000002
 2.500000E-02    999.01000   0.99999999   0.00000001
 3.750000E-02    999.01000   1.00000000   0.00000000
 5.000000E-02    999.01000   1.00000000   0.00000000
 6.250000E-02    999.01000   1.00000000   0.00000000
 7.500000E-02    999.01000   1.00000000   0.00000000
 8.750000E-02    999.01000   1.00000000   0.00000000
 0.100000        999.01000   1.00000000   0.00000000
 0.112500        999.01000   1.00000000   0.00000000
 0.125000        999.01000   1.00000000   0.00000000
 0.137500        999.01000   1.00000000   0.00000000
 0.150000        999.01000   1.00000000   0.00000000
 0.162500        999.01000   1.00000000   0.00000000
 0.175000        999.01000   1.00000000   0.00000000
 0.187500        999.01000   1.00000000   0.00000000
 0.200000        999.01000   1.00000000   0.00000000
 0.212500        999.01000   1.00000000   0.00000000
 0.225000        999.01000   1.00000000   0.00000000
 0.237500        999.01000   1.00000000   0.00000000
 0.250000        999.01000   1.00000000   0.00000000
 0.262500        999.01000   1.00000000   0.00000000
 0.275000        999.01000   1.00000000   0.00000000
 0.287500        999.01000   1.00000000   0.00000000
 0.300000        999.01000   1.00000000   0.00000000
 0.312500        999.01000   1.00000000   0.00000000
 0.325000        999.01000   1.00000000   0.00000000
 0.337500        999.01000   1.00000000   0.00000000
 0.350000        999.01000   1.00000000   0.00000000
 0.362500        999.01000   1.00000000   0.00000000
 0.375000        999.01000   1.00000000   0.00000000
 0.387500        999.01000   1.00000000   0.00000000
 0.400000        999.01000   1.00000000   0.00000000
 0.412500        999.01000   1.00000000   0.00000000
 0.425000        999.01000   1.00000000   0.00000000
 0.437500        999.01000   1.00000000   0.00000000
 0.450000        999.01000   1.00000000   0.00000000
 0.462500        999.01000   1.00000000   0.00000000
 0.475000        999.01000   1.00000000   0.00000000
 0.487500        999.01000   1.00000000   0.00000000
 0.500000        999.01000   1.00000000   0.00000000
 0.512500        999.01000   1.00000000   0.00000000
 0.525000        999.01000   1.00000000   0.00000000
 0.537500        999.01000   1.00000000   0.00000000
 0.550000        999.01000   1.00000000   0.00000000
 0.562500        999.01000   1.00000000   0.00000000
 0.575000        999.01000   1.00000000   0.00000000
 0.587500        999.01000   1.00000000   0.00000000
 0.600000        999.01000   1.00000000   0.00000000
 0.612500        999.01000   1.00000000   0.00000000
 0.625000        999.01000   1.00000000   0.00000000
 0.637500        999.01000   1.00000000   0.00000000
 0.650000        999.01000   1.00000000   0.00000000
 0.662500        999.01000   1.00000000   0.00000000
 0.675000        999.01000   1.00000000   0.00000000
 0.687500        999.01000   1.00000000   0.00000000
 0.700000        999.01000   1.00000000   0.00000000
 0.712500        999.01000   1.00000000   0.00000000
 0.725000        999.01000   1.00000000   0.00000000
 0.737500        999.01000   1.00000000   0.00000000
 0.750000        999.01000   1.00000000   0.00000000
 0.762500        999.01000   1.00000000   0.00000000
 0.775000        999.01000   1.00000000   0.00000000
 0.787500        999.01000   1.00000000   0.00000000
 0.800000        999.01000   1.00000000   0.00000000
 0.812500        999.01000   1.00000000   0.00000000
 0.825000        999.01000   1.00000000   0.00000000
 0.837500        999.01000   1.00000000   0.00000000
 0.850000        999.01000   1.00000000   0.00000000
 0.862500        999.01000   1.00000000   0.00000000
 0.875000        999.01000   1.00000000   0.00000000
 0.887500        999.01000   1.00000000   0.00000000
 0.900000        999.01000   1.00000000   0.00000000
 0.912500        999.01000   1.00000000   0.00000000
 0.925000        999.01000   1.00000000   0.00000000
 0.937500        999.01000   1.00000000   0.00000000
 0.950000        999.01000   1.00000000   0.00000000
 0.962500        999.01000   1.00000000   0.00000000
 0.975000        999.01000   1.00000000   0.00000000
 0.987500        999.01000   1.00000000   0.00000000
  1.00000        999.01000   1.00000000   0.00000000
  1.01250        999.01000   1.00000000   0.00000000
  1.02500        999.01000   1.00000000   0.00000000
  1.03750        999.01000   1.00000000   0.00000000
  1.05000        999.01000   1.00000000   0.00000000
  1.06250        999.01000   1.00000000   0.00000000
  1.07500        999.01000   1.00000000   0.00000000
  1.08750        999.01000   1.00000000   0.00000000
  1.10000        999.01000   1.00000000   0.00000000
  1.11250        999.01000   1.00000000   0.00000000
  1.12500        999.01000   1.00000000   0.00000000
  1.13750        999.01000   1.00000000   0.00000000
  1.15000        999.01000   1.00000000   0.00000000
  1.16250        999.01000   1.00000000   0.00000000
  1.17500        999.01000   1.00000000   0.00000000
  1.18750        999.01000   1.00000000   0.00000000
  1.20000        999.01000   1.00000000   0.00000000
  1.21250        999.01000   1.00000000   0.00000000
  1.22500        999.01000   1.00000000   0.00000000
  1.23750        999.01000   1.00000000   0.00000000
  1.25000        999.01000   1.00000000   0.00000000
  1.26250        999.01000   1.00000000   0.00000000
  1.27500        999.01000   1.00000000   0.00000000
  1.28750        999.01000   1.00000000   0.00000000
  1.30000        999.01000   1.00000000   0.00000000
  1.31250        999.01000   1.00000000   0.00000000
  1.32500        999.01000   1.00000000   0.00000000
  1.33750        999.01000   1.00000000   0.00000000
  1.35000        999.01000   1.00000000   0.00000000
  1.36250        999.01000   1.00000000   0.00000000
  1.37500        999.01000   1.00000000   0.00000000
  1.38750        999.01000   1.00000000   0.00000000
  1.40000        999.01000   1.00000000   0.00000000
  1.41250        999.01000   1.00000000   0.00000000
  1.42500        999.01000   1.00000000   0.00000000
  1.43750        999.01000   1.00000000   0.00000000
  1.45000        999.01000   1.00000000   0.00000000
  1.46250        999.01000   1.00000000   0.00000000
  1.47500        999.01000   1.00000000   0.00000000
  1.48750        999.01000   1.00000000   0.00000000
  1.50000        999.01000   1.00000000   0.00000000
  1.51250        999.01000   1.00000000   0.00000000
  1.52500        999.01000   1.00000000   0.00000000
  1.53750        999.01000   1.00000000   0.00000000
  1.55000        999.01000   1.00000000   0.00000000
  1.56250        999.01000   1.00000000   0.00000000
  1.57500        999.01000   1.00000000   0.00000000
  1.58750        999.01000   1.00000000   0.00000000
  1.60000        999.01000   1.00000000   0.00000000
  1.61250        999.01000   1.00000000   0.00000000
  1.62500        999.01000   1.00000000   0.00000000
  1.63750        999.01000   1.00000000   0.00000000
  1.65000        999.01000   1.00000000   0.00000000
  1.66250        999.01000   1.00000000   0.00000000
  1.67500        999.01000   1.00000000   0.00000000
  1.68750        999.01000   1.00000000   0.00000000
  1.70000        999.01000   1.00000000   0.00000000
  1.71250        999.01000   1.00000000   0.00000000
  1.72500        999.01000   1.00000000   0.00000000
  1.73750        999.01000   1.00000000   0.00000000
  1.75000        999.01000   1.00000000   0.00000000
  1.76250        999.01000   1.00000000   0.00000000
  1.77500        999.01000   1.00000000   0.00000000
  1.78750        999.01000   1.00000000   0.00000000
  1.80000        999.01000   1.00000000   0.00000000
  1.81250        999.01000   1.00000000   0.00000000
  1.82500        999.01000   1.00000000   0.00000000
  1.83750        999.01000   1.00000000   0.00000000
  1.85000        999.01000   1.00000000   0.00000000
  1.86250        999.01000   1.00000000   0.00000000
  1.87500        999.01000   1.00000000   0.00000000
  1.88750        999.01000   1.00000000   0.00000000
  1.90000        999.01000   1.00000000   0.00000000
  1.91250        999.01000   1.00000000   0.00000000
  1.92500        999.01000   1.00000000   0.00000000
  1.93750        999.01000   1.00000000   0.00000000
  1.95000        999.01000   1.00000000   0.00000000
  1.96250        999.01000   1.00000000   0.00000000
  1.97500        999.01000   1.00000000   0.00000000
  1.98750        999.01000   1.00000000   0.00000000
  2.00000        999.01000   1.00000000   0.00000000
  2.01250        999.01000   1.00000000   0.00000000
  2.02500        999.01000   1.00000000   0.00000000
  2.03750        999.01000   1.00000000   0.00000000
  2.05000        999.01000   1.00000000   0.00000000
  2.06250        999.01000   1.00000000   0.00000000
  2.07500        999.01000   1.00000000   0.00000000
  2.08750        999.01000   1.00000000   0.00000000
  2.10000        999.01000   1.00000000   0.00000000
  2.11250        999.01000   1.00000000   0.00000000
  2.12500        999.01000   1.00000000   0.00000000
  2.13750        999.01000   1.00000000   0.00000000
  2.15000        999.01000   1.00000000   0.00000000
  2.16250        999.01000   1.00000000   0.00000000
  2.17500        999.01000   1.00000000   0.00000000
  2.18750        999.01000   1.00000000   0.00000000
  2.20000        999.01000   1.00000000   0.00000000
  2.21250        999.01000   1.00000000   0.00000000
  2.22500        999.01000   1.00000000   0.00000000
  2.23750        999.01000   1.00000000   0.00000000
  2.25000        999.01000   1.00000000   0.00000000
  2.26250        999.01000   1.00000000   0.00000000
  2.27500        999.01000   1.00000000   0.00000000
  2.28750        999.01000   1.00000000   0.00000000
  2.30000        999.01000   1.00000000   0.00000000
  2.31250        999.01000   1.00000000   0.00000000
  2.32500        999.01000   1.00000000   0.00000000
  2.33750        999.01000   1.00000000   0.00000000
  2.35000        999.01000   1.00000000   0.00000000
  2.36250        999.01000   1.00000000   0.00000000
  2.37500        999.01000   1.00000000   0.00000000
  2.38750        999.01000   1.00000000   0.00000000
  2.40000        999.01000   1.00000000   0.00000000
  2.41250        999.01000   1.00000000   0.00000000
  2.42500        999.01000   1.00000000   0.00000000
  2.43750        999.01000   1.00000000   0.00000000
  2.45000        999.01000   1.00000000   0.00000000
  2.46250        999.01000   1.00000000   0.00000000
  2.47500        999.01000   1.00000000   0.00000000
  2.48750        999.01000   1.00000000   0.00000000
  2.50000        999.01000   1.00000000   0.00000000
  2.51250        999.01000   1.00000000   0.00000000
  2.52500        999.01000   1.00000000   0.00000000
  2.53750        999.01000   1.00000000   0.00000000
  2.55000        999.01000   1.00000000   0.00000000
  2.56250        999.01000   1.00000000   0.00000000
  2.57500        999.01000   1.00000000   0.00000000
  2.58750        999.01000   1.00000000   0.00000000
  2.60000        999.01000   1.00000000   0.00000000
  2.61250        999.01000   1.00000000   0.00000000
  2.62500        999.01000   1.00000000   0.00000000
  2.63750        999.01000   1.00000000   0.00000000
  2.65000        999.01000   1.00000000   0.00000000
  2.66250        999.01000   1.00000000   0.00000000
  2.67500        999.01000   1.00000000   0.00000000
  2.68750        999.01000   1.00000000   0.00000000
  2.70000        999.01000   1.00000000   0.00000000
  2.71250        999.01000   1.00000000   0.00000000
  2.72500        999.01000   1.00000000   0.00000000
  2.73750        999.01000   1.00000000   0.00000000
  2.75000        999.01000   1.00000000   0.00000000
  2.76250        999.01000   1.00000000   0.00000000
  2.77500        999.01000   1.00000000   0.00000000
  2.78750        999.01000   1.00000000   0.00000000
  2.80000        999.01000   1.00000000   0.00000000
  2.81250        999.01000   1.00000000   0.00000000
  2.82500        999.01000   1.00000000   0.00000000
  2.83750        999.01000   1.00000000   0.00000000
  2.85000        999.01000   1.00000000   0.00000000
  2.86250        999.01000   1.00000000   0.00000000
  2.87500        999.01000   1.00000000   0.00000000
  2.88750        999.01000   1.00000000   0.00000000
  2.90000        999.01000   1.00000000   0.00000000
  2.91250        999.01000   1.00000000   0.00000000
  2.92500        999.01000   1.00000000   0.00000000
  2.93750        999.01000   1.00000000   0.00000000
  2.95000        999.01000   1.00000000   0.00000000
  2.96250        999.01000   1.00000000   0.00000000
  2.97500        999.01000   1.00000000   0.00000000
  2.98750        999.01000   1.00000000   0.00000000
  3.00000        999.01000   1.00000000   0.00000000
  3.01250        999.01000   1.00000000   0.00000000
  3.02500        999.01000   1.00000000   0.00000000
  3.03750        999.01000   1.00000000   0.00000000
  3.05000        999.01000   1.00000000   0.00000000
  3.06250        999.01000   1.00000000   0.00000000
  3.07500        999.01000   1.00000000   0.00000000
  3.08750        999.01000   1.00000000   0.00000000
  3.10000        999.01000   1.00000000   0.00000000
  3.11250        999.01000   1.00000000   0.00000000
  3.12500        999.01000   1.00000000   0.00000000
  3.13750        999.01000   1.00000000   0.00000000
  3.15000        999.01000   1.00000000   0.00000000
  3.16250        999.01000   1.00000000   0.00000000
  3.17500        999.01000   1.00000000   0.00000000
  3.18750        999.01000   1.00000000   0.00000000
  3.20000        999.01000   1.00000000   0.00000000
  3.21250        999.01000   1.00000000   0.00000000
  3.22500        999.01000   1.00000000   0.00000000
  3.23750        999.01000   1.00000000   0.00000000
  3.25000        999.01000   1.00000000   0.00000000
  3.26250        999.01000   1.00000000   0.00000000
  3.27500        999.01000   1.00000000   0.00000000
  3.28750        999.01000   1.00000000   0.00000000
  3.30000        999.01000   1.00000000   0.00000000
  3.31250        999.01000   1.00000000   0.00000000
  3.32500        999.01000   1.00000000   0.00000000
  3.33750        999.01000   1.00000000   0.00000000
  3.35000        999.01000   1.00000000   0.00000000
  3.36250        999.01000   1.00000000   0.00000000
  3.37500        999.01000   1.00000000   0.00000000
  3.38750        999.01000   1.00000000   0.00000000
  3.40000        999.01000   1.00000000   0.00000000
  3.41250        999.01000   1.00000000   0.00000000
  3.42500        999.01000   1.00000000   0.00000000
  3.43750        999.01000   1.00000000   0.00000000
  3.45000        999.01000   1.00000000   0.00000000
  3.46250        999.01000   1.00000000   0.00000000
  3.47500        999.01000   1.00000000   0.00000000
  3.48750        999.01000   1.00000000   0.00000000
  3.50000        999.01000   1.00000000   0.00000000
  3.51250        999.01000   1.00000000   0.00000000
  3.52500        999.01000   1.00000000   0.00000000
  3.53750        999.01000   1.00000000   0.00000000
  3.55000        999.01000   1.00000000   0.00000000
  3.56250        999.01000   1.00000000   0.00000000
  3.57500        999.01000   1.00000000   0.00000000
  3.58750        999.01000   1.00000000   0.00000000
  3.60000        999.01000   1.00000000   0.00000000
  3.61250        999.01000   1.00000000   0.00000000
  3.62500        999.01000   1.00000000   0.00000000
  3.63750        999.01000   1.00000000   0.00000000
  3.65000        999.01000   1.00000000   0.00000000
  3.66250        999.01000   1.00000000   0.00000000
  3.67500        999.01000   1.00000000   0.00000000
  3.68750        999.01000   1.00000000   0.00000000
  3.70000        999.01000   1.00000000   0.00000000
  3.71250        999.01000   1.00000000   0.00000000
  3.72500        999.01000   1.00000000   0.00000000
  3.73750        999.01000   1.00000000   0.00000000
  3.75000        999.01000   1.00000000   0.00000000
  3.76250        999.01000   1.00000000   0.00000000
  3.77500        999.01000   1.00000000   0.00000000
  3.78750        999.01000   1.00000000   0.00000000
  3.80000        999.01000   1.00000000   0.00000000
  3.81250        999.01000   1.00000000   0.00000000
  3.82500        999.01000   1.00000000   0.00000000
  3.83750        999.01000   1.00000000   0.00000000
  3.85000        999.01000   1.00000000   0.00000000
  3.86250        999.01000   1.00000000   0.00000000
  3.87500        999.01000   1.00000000   0.00000000
  3.88750        999.01000   1.00000000   0.00000000
  3.90000        999.01000   1.00000000   0.00000000
  3.91250        999.01000   1.00000000   0.00000000
  3.92500        999.01000   1.00000000   0.00000000
  3.93750        999.01000   1.00000000   0.00000000
  3.95000        999.01000   1.00000000   0.00000000
  3.96250        999.01000   1.00000000   0.00000000
  3.97500        999.01000   1.00000000   0.00000000
  3.98750        999.01000   1.00000000   0.00000000
  4.00000        999.01000   1.00000000   0.00000000
  4.01250        999.01000   1.00000000   0.00000000
  4.02500        999.01000   1.00000000   0.00000000
  4.03750        999.01000   1.00000000   0.00000000
  4.05000        999.01000   1.00000000   0.00000000
  4.06250        999.01000   1.00000000   0.00000000
  4.07500        999.01000   1.00000000   0.00000000
  4.08750        999.01000   1.00000000   0.00000000
  4.10000        999.01000   1.00000000   0.00000000
  4.11250        999.01000   1.00000000   0.00000000
  4.12500        999.01000   1.00000000   0.00000000
  4.13750        999.01000   1.00000000   0.00000000
  4.15000        999.01000   1.00000000   0.00000000
  4.16250        999.01000   1.00000000   0.00000000
  4.17500        999.01000   1.00000000   0.00000000
  4.18750        999.01000   1.00000000   0.00000000
  4.20000        999.01000   1.00000000   0.00000000
  4.21250        999.01000   1.00000000   0.00000000
  4.22500        999.01000   1.00000000   0.00000000
  4.23750        999.01000   1.00000000   0.00000000
  4.25000        999.01000   1.00000000   0.00000000
  4.26250        999.01000   1.00000000   0.00000000
  4.27500        999.01000   1.00000000   0.00000000
  4.28750        999.01000   1.00000000   0.00000000
  4.30000        999.01000   1.00000000   0.00000000
  4.31250        999.01000   1.00000000   0.00000000
  4.32500        999.01000   1.00000000   0.00000000
  4.33750        999.01000   1.00000000   0.00000000
  4.35000        999.01000   1.00000000   0.00000000
  4.36250        999.01000   1.00000000   0.00000000
  4.37500        999.01000   1.00000000   0.00000000
  4.38750        999.01000   1.00000000   0.00000000
  4.40000        999.01000   1.00000000   0.00000000
  4.41250        999.01000   1.00000000   0.00000000
  4.42500        999.01000   1.00000000   0.00000000
  4.43750        999.01000   1.00000000   0.00000000
  4.45000        999.01000   1.00000000   0.00000000
  4.46250        999.01000   1.00000000   0.00000000
  4.47500        999.01000   1.00000000   0.00000000
  4.48750        999.01000   1.00000000   0.00000000
  4.50000        999.01000   1.00000000   0.00000000
  4.51250        999.01000   1.00000000   0.00000000
  4.52500        999.01000   1.00000000   0.00000000
  4.53750        999.01000   1.00000000   0.00000000
  4.55000        999.01000   1.00000000   0.00000000
  4.56250        999.01000   1.00000000   0.00000000
  4.57500        999.01000   1.00000000   0.00000000
  4.58750        999.01000   1.00000000   0.00000000
  4.60000        999.01000   1.00000000   0.00000000
  4.61250        999.01000   1.00000000   0.00000000
  4.62500        999.01000   1.00000000   0.00000000
  4.63750        999.01000   1.00000000   0.00000000
  4.65000        999.01000   1.00000000   0.00000000
  4.66250        999.01000   1.00000000   0.00000000
  4.67500        999.01000   1.00000000   0.00000000
  4.68750        999.01000   1.00000000   0.00000000
  4.70000        999.01000   1.00000000   0.00000000
  4.71250        999.01000   1.00000000   0.00000000
  4.72500        999.01000   1.00000000   0.00000000
  4.73750        999.01000   1.00000000   0.00000000
  4.75000        999.01000   1.00000000   0.00000000
  4.76250        999.01000   1.00000000   0.00000000
  4.77500        999.01000   1.00000000   0.00000000
  4.78750        999.01000   1.00000000   0.00000000
  4.80000        999.01000   1.00000000   0.00000000
  4.81250        999.01000   1.00000000   0.00000000
  4.82500        999.01000   1.00000000   0.00000000
  4.83750        999.01000   1.00000000   0.00000000
  4.85000        999.01000   1.00000000   0.00000000
  4.86250        999.01000   1.00000000   0.00000000
  4.87500        999.01000   1.00000000   0.00000000
  4.88750        999.01000   1.00000000   0.00000000
  4.90000        999.01000   1.00000000   0.00000000
  4.91250        999.01000   1.00000000   0.00000000
  4.92500        999.01000   1.00000000   0.00000000
  4.93750        999.01000   1.00000000   0.00000000
  4.95000        999.01000   1.00000000   0.00000000
  4.96250        999.01000   1.00000000   0.00000000
  4.97500        999.01000   1.00000000   0.00000000
  4.98750        999.01000   1.00000000   0.00000000
  5.00000        999.01000   1.00000000   0.00000000
