#  Simulation  Temperature    Fraction     Fraction
#   time [s]       [K]        Phase 0      Phase 1
#     -             -         LIQUID       SOLID
  0.00000        998.99000   0.99999998   0.00000002
 1.250000E-02    998.99000   0.99999997   0.00000003
 2.500000E-02    998.99000   0.99999996   0.00000004
 3.750000E-02    998.99000   0.99999995   0.00000005
 5.000000E-02    998.99000   0.99999994   0.00000006
 6.250000E-02    998.99000   0.99999992   0.00000008
 7.500000E-02    998.99000   0.99999991   0.00000009
 8.750000E-02    998.99000   0.99999988   0.00000012
 0.100000        998.99000   0.99999986   0.00000014
 0.112500        998.99000   0.99999983   0.00000017
 0.125000        998.99000   0.99999980   0.00000020
 0.137500        998.99000   0.99999976   0.00000024
 0.150000        998.99000   0.99999972   0.00000028
 0.162500        998.99000   0.99999967   0.00000033
 0.175000        998.99000   0.99999961   0.00000039
 0.187500        998.99000   0.99999955   0.00000045
 0.200000        998.99000   0.99999948   0.00000052
 0.212500        998.99000   0.99999940   0.00000060
 0.225000        998.99000   0.99999932   0.00000068
 0.237500        998.99000   0.99999922   0.00000078
 0.250000        998.99000   0.99999911   0.00000089
 0.262500        998.99000   0.99999899   0.00000101
 0.275000        998.99000   0.99999886   0.00000114
 0.287500        998.99000   0.99999871   0.00000129
 0.300000        998.99000   0.99999854   0.00000146
 0.312500        998.99000   0.99999836   0.00000164
 0.325000        998.99000   0.99999817   0.00000183
 0.337500        998.99000   0.99999795   0.00000205
 0.350000        998.99000   0.99999771   0.00000229
 0.362500        998.99000   0.99999745   0.00000255
 0.375000        998.99000   0.99999716   0.00000284
 0.387500        998.99000   0.99999685   0.00000315
 0.400000        998.99000   0.99999652   0.00000348
 0.412500        998.99000   0.99999615   0.00000385
 0.425000        998.99000   0.99999576   0.00000424
 0.437500        998.99000   0.99999533   0.00000467
 0.450000        998.99000   0.99999488   0.00000512
 0.462500        998.99000   0.99999439   0.00000561
 0.475000        998.99000   0.99999386   0.00000614
 0.487500        998.99000   0.99999330   0.00000670
 0.500000        998.99000   0.99999271   0.00000729
 0.512500        998.99000   0.99999208   0.00000792
 0.525000        998.99000   0.99999141   0.00000859
 0.537500        998.99000   0.99999071   0.00000929
 0.550000        998.99000   0.99998998   0.00001002
 0.562500        998.99000   0.99998921   0.00001079
 0.575000        998.99000   0.99998841   0.00001159
 0.587500        998.99000   0.99998758   0.00001242
 0.600000        998.99000   0.99998672   0.00001328
 0.612500        998.99000   0.99998547   0.00001453
 0.625000        998.99000   0.99998358   0.00001642
 0.637500        998.99000   0.99998081   0.00001919
 0.650000        998.99000   0.99997690   0.00002310
 0.662500        998.99000   0.99997162   0.00002838
 0.675000        998.99000   0.99996491   0.00003509
 0.687500        998.99000   0.99995696   0.00004304
 0.700000        998.99000   0.99994827   0.00005173
 0.712500        998.99000   0.99992051   0.00007949
 0.725000        998.99000   0.99987602   0.00012398
 0.737500        998.99000   0.99982108   0.00017892
 0.750000        998.99000   0.99974424   0.00025576
 0.762500        998.99000   0.99964214   0.00035786
 0.775000        998.99000   0.99950343   0.00049657
 0.787500        998.99000   0.99933900   0.00066100
 0.800000        998.99000   0.99912423   0.00087577
 0.812500        998.99000   0.99887063   0.00112937
 0.825000        998.99000   0.99860103   0.00139897
 0.837500        998.99000   0.99829614   0.00170386
 0.850000        998.99000   0.99793251   0.00206749
 0.862500        998.99000   0.99753523   0.00246477
 0.875000        998.99000   0.99710596   0.00289404
 0.887500        998.99000   0.99665257   0.00334743
 0.900000        998.99000   0.99614890   0.00385110
 0.912500        998.99000   0.99557682   0.00442318
 0.925000        998.99000   0.99498243   0.00501757
 0.937500        998.99000   0.99438505   0.00561495
 0.950000        998.99000   0.99371162   0.00628838
 0.962500        998.99000   0.99298068   0.00701932
 0.975000        998.99000   0.99223091   0.00776909
 0.987500        998.99000   0.99145659   0.00854341
  1.00000        998.99000   0.99063022   0.00936978
  1.01250        998.99000   0.98973320   0.01026680
  1.02500        998.99000   0.98879122   0.01120878
  1.03750        998.99000   0.98786983   0.01213017
  1.05000        998.99000   0.98686841   0.01313159
  1.06250        998.99000   0.98579375   0.01420625
  1.07500        998.99000   0.98470740   0.01529260
  1.08750        998.99000   0.98361027   0.01638973
  1.10000        998.99000   0.98244998   0.01755002
  1.11250        998.99000   0.98122525   0.01877475
  1.12500        998.99000   0.97995304   0.02004696
  1.13750        998.99000   0.97870015   0.02129985
  1.15000        998.99000   0.97737597   0.02262403
  1.16250        998.99000   0.97595098   0.02404902
  1.17500        998.99000   0.97452327   0.02547673
  1.18750        998.99000   0.97309788   0.02690212
  1.20000        998.99000   0.97159171   0.02840829
  1.21250        998.99000   0.97002876   0.02997124
  1.22500        998.99000   0.96840794   0.03159206
  1.23750        998.99000   0.96682356   0.03317644
  1.25000        998.99000   0.96517106   0.03482894
  1.26250        998.99000   0.96341205   0.03658795
  1.27500        998.99000   0.96164697   0.03835303
  1.28750        998.99000   0.95989317   0.04010683
  1.30000        998.99000   0.95805796   0.04194204
  1.31250        998.99000   0.95615555   0.04384445
  1.32500        998.99000   0.95420370   0.04579630
  1.33750        998.99000   0.95228349   0.04771651
  1.35000        998.99000   0.95029636   0.04970364
  1.36250        998.99000   0.94819785   0.05180215
  1.37500        998.99000   0.94608383   0.05391617
  1.38750        998.99000   0.94400390   0.05599610
  1.40000        998.99000   0.94182707   0.05817293
  1.41250        998.99000   0.93957806   0.06042194
  1.42500        998.99000   0.93727475   0.06272525
  1.43750        998.99000   0.93500732   0.06499268
  1.45000        998.99000   0.93269155   0.06730845
  1.46250        998.99000   0.93023902   0.06976098
  1.47500        998.99000   0.92778141   0.07221859
  1.48750        998.99000   0.92536586   0.07463414
  1.50000        998.99000   0.92284781   0.07715219
  1.51250        998.99000   0.92026381   0.07973619
  1.52500        998.99000   0.91762191   0.08237809
  1.53750        998.99000   0.91502722   0.08497278
  1.55000        998.99000   0.91236580   0.08763420
  1.56250        998.99000   0.90957160   0.09042840
  1.57500        998.99000   0.90677324   0.09322676
  1.58750        998.99000   0.90401618   0.09598382
  1.60000        998.99000   0.90115835   0.09884165
  1.61250        998.99000   0.89822536   0.10177464
  1.62500        998.99000   0.89524714   0.10475286
  1.63750        998.99000   0.89231974   0.10768026
  1.65000        998.99000   0.88932112   0.11067888
  1.66250        998.99000   0.88619060   0.11380940
  1.67500        998.99000   0.88304850   0.11695150
  1.68750        998.99000   0.87995971   0.12004029
  1.70000        998.99000   0.87674687   0.12325313
  1.71250        998.99000   0.87345738   0.12654262
  1.72500        998.99000   0.87012879   0.12987121
  1.73750        998.99000   0.86685017   0.13314983
  1.75000        998.99000   0.86350683   0.13649317
  1.76250        998.99000   0.86001251   0.13998749
  1.77500        998.99000   0.85652675   0.14347325
  1.78750        998.99000   0.85310419   0.14689581
  1.80000        998.99000   0.84954600   0.15045400
  1.81250        998.99000   0.84592564   0.15407436
  1.82500        998.99000   0.84225940   0.15774060
  1.83750        998.99000   0.83865642   0.16134358
  1.85000        998.99000   0.83497364   0.16502636
  1.86250        998.99000   0.83113381   0.16886619
  1.87500        998.99000   0.82731628   0.17268372
  1.88750        998.99000   0.82354148   0.17645852
  1.90000        998.99000   0.81963212   0.18036788
  1.91250        998.99000   0.81565429   0.18434571
  1.92500        998.99000   0.81163253   0.18836747
  1.93750        998.99000   0.80769087   0.19230913
  1.95000        998.99000   0.80364870   0.19635130
  1.96250        998.99000   0.79945864   0.20054136
  1.97500        998.99000   0.79529923   0.20470077
  1.98750        998.99000   0.79118622   0.20881378
  2.00000        998.99000   0.78693879   0.21306121
  2.01250        998.99000   0.78261249   0.21738751
  2.02500        998.99000   0.77826015   0.22173985
  2.03750        998.99000   0.77397778   0.22602222
  2.05000        998.99000   0.76958709   0.23041291
  2.06250        998.99000   0.76504818   0.23495182
  2.07500        998.99000   0.76055442   0.23944558
  2.08750        998.99000   0.75610215   0.24389785
  2.10000        998.99000   0.75149572   0.24850428
  2.11250        998.99000   0.74682814   0.25317186
  2.12500        998.99000   0.74213165   0.25786835
  2.13750        998.99000   0.73748792   0.26251208
  2.15000        998.99000   0.73274505   0.26725495
  2.16250        998.99000   0.72784723   0.27215277
  2.17500        998.99000   0.72302532   0.27697468
  2.18750        998.99000   0.71822217   0.28177783
  2.20000        998.99000   0.71326107   0.28673893
  2.21250        998.99000   0.70826224   0.29173776
  2.22500        998.99000   0.70323899   0.29676101
  2.23750        998.99000   0.69826872   0.30173128
  2.25000        998.99000   0.69317210   0.30682790
  2.26250        998.99000   0.68793112   0.31206888
  2.27500        998.99000   0.68279549   0.31720451
  2.28750        998.99000   0.67763613   0.32236387
  2.30000        998.99000   0.67233319   0.32766681
  2.31250        998.99000   0.66698685   0.33301315
  2.32500        998.99000   0.66162686   0.33837314
  2.33750        998.99000   0.65631143   0.34368857
  2.35000        998.99000   0.65085560   0.34914440
  2.36250        998.99000   0.64527651   0.35472349
  2.37500        998.99000   0.63980640   0.36019360
  2.38750        998.99000   0.63428604   0.36571396
  2.40000        998.99000   0.62863037   0.37136963
  2.41250        998.99000   0.62292697   0.37707303
  2.42500        998.99000   0.61723698   0.38276302
  2.43750        998.99000   0.61156760   0.38843240
  2.45000        998.99000   0.60574971   0.39425029
  2.46250        998.99000   0.59982619   0.40017381
  2.47500        998.99000   0.59401794   0.40598206
  2.48750        998.99000   0.58815308   0.41184692
  2.50000        998.99000   0.58213582   0.41786418
  2.51250        998.99000   0.57607655   0.42392345
  2.52500        998.99000   0.57005310   0.42994690
  2.53750        998.99000   0.56401938   0.43598062
  2.55000        998.99000   0.55783519   0.44216481
  2.56250        998.99000   0.55155712   0.44844288
  2.57500        998.99000   0.54542493   0.45457507
  2.58750        998.99000   0.53920953   0.46079047
  2.60000        998.99000   0.53285223   0.46714777
  2.61250        998.99000   0.52646605   0.47353395
  2.62500        998.99000   0.52010976   0.47989024
  2.63750        998.99000   0.51375449   0.48624551
  2.65000        998.99000   0.50723039   0.49276961
  2.66250        998.99000   0.50062127   0.49937873
  2.67500        998.99000   0.49417316   0.50582684
  2.68750        998.99000   0.48758818   0.51241182
  2.70000        998.99000   0.48088171   0.51911829
  2.71250        998.99000   0.47414650   0.52585350
  2.72500        998.99000   0.46744566   0.53255434
  2.73750        998.99000   0.46074706   0.53925294
  2.75000        998.99000   0.45384818   0.54615182
  2.76250        998.99000   0.44688828   0.55311172
  2.77500        998.99000   0.44010327   0.55989673
  2.78750        998.99000   0.43315504   0.56684496
  2.80000        998.99000   0.42610900   0.57389100
  2.81250        998.99000   0.41902171   0.58097829
  2.82500        998.99000   0.41199277   0.58800723
  2.83750        998.99000   0.40494607   0.59505393
  2.85000        998.99000   0.39769366   0.60230634
  2.86250        998.99000   0.39041537   0.60958463
  2.87500        998.99000   0.38328123   0.61671877
  2.88750        998.99000   0.37597532   0.62402468
  2.90000        998.99000   0.36857146   0.63142854
  2.91250        998.99000   0.36111861   0.63888139
  2.92500        998.99000   0.35374691   0.64625309
  2.93750        998.99000   0.34632850   0.65367150
  2.95000        998.99000   0.33871739   0.66128261
  2.96250        998.99000   0.33110270   0.66889730
  2.97500        998.99000   0.32362936   0.67637064
  2.98750        998.99000   0.31597285   0.68402715
  3.00000        998.99000   0.30821507   0.69178493
  3.01250        998.99000   0.30043419   0.69956581
  3.02500        998.99000   0.29274347   0.70725653
  3.03750        998.99000   0.28497960   0.71502040
  3.05000        998.99000   0.27701554   0.72298446
  3.06250        998.99000   0.26907557   0.73092443
  3.07500        998.99000   0.26127567   0.73872433
  3.08750        998.99000   0.25326901   0.74673099
  3.10000        998.99000   0.24518063   0.75481937
  3.11250        998.99000   0.23706560   0.76293440
  3.12500        998.99000   0.22902250   0.77097750
  3.13750        998.99000   0.22090430   0.77909570
  3.15000        998.99000   0.21253377   0.78746623
  3.16250        998.99000   0.20417898   0.79582102
  3.17500        998.99000   0.19595700   0.80404300
  3.18750        998.99000   0.18767454   0.81232546
  3.20000        998.99000   0.17966834   0.82033166
  3.21250        998.99000   0.17191359   0.82808641
  3.22500        998.99000   0.16440233   0.83559767
  3.23750        998.99000   0.15724963   0.84275037
  3.25000        998.99000   0.15044254   0.84955746
  3.26250        998.99000   0.14416536   0.85583464
  3.27500        998.99000   0.13821256   0.86178744
  3.28750        998.99000   0.13246882   0.86753118
  3.30000        998.99000   0.12707802   0.87292198
  3.31250        998.99000   0.12183814   0.87816186
  3.32500        998.99000   0.11680996   0.88319004
  3.33750        998.99000   0.11202812   0.88797188
  3.35000        998.99000   0.10734248   0.89265752
  3.36250        998.99000   0.10290002   0.89709998
  3.37500        998.99000   0.09858690   0.90141310
  3.38750        998.99000   0.09439166   0.90560834
  3.40000        998.99000   0.09043199   0.90956801
  3.41250        998.99000   0.08652912   0.91347088
  3.42500        998.99000   0.08278365   0.91721635
  3.43750        998.99000   0.07919286   0.92080714
  3.45000        998.99000   0.07565271   0.92434729
  3.46250        998.99000   0.07230241   0.92769759
  3.47500        998.99000   0.06902604   0.93097396
  3.48750        998.99000   0.06582167   0.93417833
  3.50000        998.99000   0.06280192   0.93719808
  3.51250        998.99000   0.05981315   0.94018685
  3.52500        998.99000   0.05693784   0.94306216
  3.53750        998.99000   0.05419331   0.94580669
  3.55000        998.99000   0.05146011   0.94853989
  3.56250        998.99000   0.04889143   0.95110857
  3.57500        998.99000   0.04637166   0.95362834
  3.58750        998.99000   0.04389538   0.95610462
  3.60000        998.99000   0.04159280   0.95840720
  3.61250        998.99000   0.03927919   0.96072081
  3.62500        998.99000   0.03707817   0.96292183
  3.63750        998.99000   0.03497848   0.96502152
  3.65000        998.99000   0.03286780   0.96713220
  3.66250        998.99000   0.03093024   0.96906976
  3.67500        998.99000   0.02900437   0.97099563
  3.68750        998.99000   0.02711968   0.97288032
  3.70000        998.99000   0.02540585   0.97459415
  3.71250        998.99000   0.02363839   0.97636161
  3.72500        998.99000   0.02201948   0.97798052
  3.73750        998.99000   0.02044783   0.97955217
  3.75000        998.99000   0.01887544   0.98112456
  3.76250        998.99000   0.01747756   0.98252244
  3.77500        998.99000   0.01604452   0.98395548
  3.78750        998.99000   0.01470095   0.98529905
  3.80000        998.99000   0.01344884   0.98655116
  3.81250        998.99000   0.01218022   0.98781978
  3.82500        998.99000   0.01105427   0.98894573
  3.83750        998.99000   0.00993637   0.99006363
  3.85000        998.99000   0.00886804   0.99113196
  3.86250        998.99000   0.00792283   0.99207717
  3.87500        998.99000   0.00697231   0.99302769
  3.88750        998.99000   0.00612276   0.99387724
  3.90000        998.99000   0.00533179   0.99466821
  3.91250        998.99000   0.00456781   0.99543219
  3.92500        998.99000   0.00390444   0.99609556
  3.93750        998.99000   0.00326548   0.99673452
  3.95000        998.99000   0.00268868   0.99731132
  3.96250        998.99000   0.00218610   0.99781390
  3.97500        998.99000   0.00171465   0.99828535
  3.98750        998.99000   0.00131961   0.99868039
  4.00000        998.99000   0.00096802   0.99903198
  4.01250        998.99000   0.00067656   0.99932344
  4.02500        998.99000   0.00044673   0.99955327
  4.03750        998.99000   0.00026615   0.99973385
  4.05000        998.99000   0.00014872   0.99985128
  4.06250        998.99000   0.00006785   0.99993215
  4.07500        998.99000   0.00002806   0.99997194
  4.08750        998.99000   0.00000771   0.99999229
  4.10000        998.99000   0.00000000   1.00000000
  4.11250        998.99000   0.00000000   1.00000000
  4.12500        998.99000   0.00000000   1.00000000
  4.13750        998.99000   0.00000000   1.00000000
  4.15000        998.99000   0.00000000   1.00000000
  4.16250        998.99000   0.00000000   1.00000000
  4.17500        998.99000   0.00000000   1.00000000
  4.18750        998.99000   0.00000000   1.00000000
  4.20000        998.99000   0.00000000   1.00000000
  4.21250        998.99000   0.00000000   1.00000000
  4.22500        998.99000   0.00000000   1.00000000
  4.23750        998.99000   0.00000000   1.00000000
  4.25000        998.99000   0.00000000   1.00000000
  4.26250        998.99000   0.00000000   1.00000000
  4.27500        998.99000   0.00000000   1.00000000
  4.28750        998.99000   0.00000000   1.00000000
  4.30000        998.99000   0.00000000   1.00000000
  4.31250        998.99000   0.00000000   1.00000000
  4.32500        998.99000   0.00000000   1.00000000
  4.33750        998.99000   0.00000000   1.00000000
  4.35000        998.99000   0.00000000   1.00000000
  4.36250        998.99000   0.00000000   1.00000000
  4.37500        998.99000   0.00000000   1.00000000
  4.38750        998.99000   0.00000000   1.00000000
  4.40000        998.99000   0.00000000   1.00000000
  4.41250        998.99000   0.00000000   1.00000000
  4.42500        998.99000   0.00000000   1.00000000
  4.43750        998.99000   0.00000000   1.00000000
  4.45000        998.99000   0.00000000   1.00000000
  4.46250        998.99000   0.00000000   1.00000000
  4.47500        998.99000   0.00000000   1.00000000
  4.48750        998.99000   0.00000000   1.00000000
  4.50000        998.99000   0.00000000   1.00000000
  4.51250        998.99000   0.00000000   1.00000000
  4.52500        998.99000   0.00000000   1.00000000
  4.53750        998.99000   0.00000000   1.00000000
  4.55000        998.99000   0.00000000   1.00000000
  4.56250        998.99000   0.00000000   1.00000000
  4.57500        998.99000   0.00000000   1.00000000
  4.58750        998.99000   0.00000000   1.00000000
  4.60000        998.99000   0.00000000   1.00000000
  4.61250        998.99000   0.00000000   1.00000000
  4.62500        998.99000   0.00000000   1.00000000
  4.63750        998.99000   0.00000000   1.00000000
  4.65000        998.99000   0.00000000   1.00000000
  4.66250        998.99000   0.00000000   1.00000000
  4.67500        998.99000   0.00000000   1.00000000
  4.68750        998.99000   0.00000000   1.00000000
  4.70000        998.99000   0.00000000   1.00000000
  4.71250        998.99000   0.00000000   1.00000000
  4.72500        998.99000   0.00000000   1.00000000
  4.73750        998.99000   0.00000000   1.00000000
  4.75000        998.99000   0.00000000   1.00000000
  4.76250        998.99000   0.00000000   1.00000000
  4.77500        998.99000   0.00000000   1.00000000
  4.78750        998.99000   0.00000000   1.00000000
  4.80000        998.99000   0.00000000   1.00000000
  4.81250        998.99000   0.00000000   1.00000000
  4.82500        998.99000   0.00000000   1.00000000
  4.83750        998.99000   0.00000000   1.00000000
  4.85000        998.99000   0.00000000   1.00000000
  4.86250        998.99000   0.00000000   1.00000000
  4.87500        998.99000   0.00000000   1.00000000
  4.88750        998.99000   0.00000000   1.00000000
  4.90000        998.99000   0.00000000   1.00000000
  4.91250        998.99000   0.00000000   1.00000000
  4.92500        998.99000   0.00000000   1.00000000
  4.93750        998.99000   0.00000000   1.00000000
  4.95000        998.99000   0.00000000   1.00000000
  4.96250        998.99000   0.00000000   1.00000000
  4.97500        998.99000   0.00000000   1.00000000
  4.98750        998.99000   0.00000000   1.00000000
  5.00000        998.99000   0.00000000   1.00000000
